010110000011011100100001000010
001000100010100000000100000000
100010111000000100010110000100
000101001011011000011011100000
011010100100110000010010110011
000000001011010011101010001001
010110011000000000100010101010
101001100000000011000101011010
010101101010100010110010010010
001000000101010100001101100100
100001101000100010110011000000
001011100010001001000110100100
000000111100010100010001100010
000110001011101101001011100010
001011010000101001100110101101
011001010000000000110000011001
000100101101110100100010000111
101001001000100100010010011000
010110001011010101010011101011
000111000011011011001000000110
